 Loss:  1.27  Accuracy: 79.38  for  254 / 320
[[27  1  1  1  0  0  0  0  0  0  0]
 [ 7 21  0  0  0  0  0  0  0  0  1]
 [ 0  0 13  1 10  0  0  0  0  0  5]
 [ 2  0  1 17  7  0  0  0  0  0  3]
 [ 0  0  5  1 20  0  0  0  0  0  2]
 [ 0  0  0  0  0 28  0  0  0  0  0]
 [ 0  0  0  0  0  0 26  0  0  2  0]
 [ 0  0  0  0  0  0  1 28  0  0  0]
 [ 0  0  0  0  0  0  3  0 27  0  0]
 [ 0  0  0  0  0  0  8  0  0 20  0]
 [ 0  0  0  0  0  1  0  0  0  0 27]]
              precision    recall  f1-score   support

           0      0.750     0.900     0.818        30
           1      0.955     0.724     0.824        29
           2      0.650     0.448     0.531        29
           3      0.850     0.567     0.680        30
           4      0.541     0.714     0.615        28
           5      0.966     1.000     0.982        28
           6      0.684     0.929     0.788        28
           7      1.000     0.966     0.982        29
           8      1.000     0.900     0.947        30
           9      0.909     0.714     0.800        28
          10      0.711     0.964     0.818        28

    accuracy                          0.801       317
   macro avg      0.819     0.802     0.799       317
weighted avg      0.821     0.801     0.799       317

